$ANSIBLE_VAULT;1.1;AES256
36623430616663393536313137393435343833313365313665363164613537656135356130393834
3361323630353036636132386232643139666161393562330a393365313530616235393932313364
39643530666431653135356534653636373239336231343231663139303633636133643665613535
6135376234353938330a303933393561353230663164396661373439343763336165396431393361
33346636656431616161383031626261386439316436376563653830343432646230626130656434
38303261383438636663646463373961373532393466303236363365333332333434646564336136
38613232313030333962383439356132663935316133353432633230623335323730383664656334
36636264623333333437393633646138663632353639393639643937663936636165623435393633
66646538363830613531616233326632366631613431373164623933376631356637653964376566
31366432353562313765356532623266613638613863636235626361633037653835363430393864
39313266373533363566623539653239316535353732343138393861353435366564366432633137
37633033303337653034303265393737353761396265333831656262313730363861653033373161
65623439623065636463396462383431346237333236346666636230363662663835356438303164
64653534613362636532366538653865623533313863326261663665643839383362366135663566
30616165393235396165353233353465333139396232373761373563336636656533663235636165
36336261353863303830653863656230346437663161323332353630633862373462363234356166
65373065363466376364656236343535336532376430333861323636646561306466383333306165
38623561343561346161326637383032336366666636666430363134616566633438656163306364
32336562306365623134336530306533313762326631373136393538343961333730653635663734
64633662666336653339333736383133666662363230306537626464343331336234383763366537
36346434613831336363313536393730316562396133383430323165653635653637663632666233
39313663646533356230356163663632633830626230343138616563303137343363646234323364
61393737363737633966643438353866643563396236643730373834616361316131316432333032
31393031366335376630633133303137306539346663333439396363366138373232633031396432
38353830396664393061626430316262336139646436316232656331373137376166336530353161
37333166353061363834363431353661393165343766646565396661393432663261653138333837
31656166316262326334373862363532366534393233393763356666323134343961333762663663
33663031313666653062366333353538383632313038636438386231353934393532323663633036
32316636323838323037393236393263396163353432613562383063666230363239363838363863
66326138393765396262336638623163393563313163653930633765386337663663653634646566
62663836663534326565336166346439646335366136333033653266373532633638643634623935
64616138323030373234633765346364333136633030663731383936616139316434383131363739
36356636643230316266353363643162343533613536393630353063653138613963393433376438
30326430303163643138383435393430623533303563626466373932353939653361323834343936
65643134353862343730613261373466636139363461656437383863343935363638333863653938
66656232623630303739383764633733346562623464336636353631333337343635633434386638
61333630363566366432633336393462366665316632373262363137666234383731616463323163
34316232343865653362373534653330336166656433393239383135663461346362343630613337
62323234633131323866623134353665336539623936306330653239623561666265313534346339
38366330373665343431663930373162633364616434343934663436363234613939663464326662
34316266643062346630646630363435326262646536663234663537303437646566323235643733
36383261376439323035393536313033376431333065346331346636356539663637383337303736
36383261393561653331633832386362326632633566643062626564316435613165333638363930
33306665363234363433313938616233623637646466643332313263633935396661396635373636
35373561343761353866323265353936323262363735373332393636316336393038306362383462
35313939666136653835346633623161663035386630393637333732393263616465343338363137
35306632303138363865653563313265616334613135643739303736313030346461656337653363
38623334356533383166303434383832383133646163646365633533313663633534643630343839
37393333386334643131383165333034653135616535653263393262663239326639326161383562
34663265613731386365326634653033376130346535306562326234386563356239333039666539
39383166366566376663393666623530333562663939666634373963333632373863613836646166
34396535623837333965326539353238386431663736333361333537396336353664386665323432
63393332376461366138653737356439663237326136336363333935646332393764396261343964
35376431323731343930653336656231396634653931313465343032373331616132333162643337
33326439386331633432613665363062623630353435633361396661613035383039366434376530
35373031333239323133336337346565623130313363333530386231343638383331646633633233
38336661333738663135306534643433343166633133613435383730663832343163393065643633
62303135376639333062383162323737353033613232306631316566306133643962303361373639
62366461306436346432353939353562356461616163623031353765636433643461316363646165
64653161373836653737336464396134393436633633336231383135346539633162616438656237
37643231313038366335383331303761326366356136316362383539383032653439393662626633
61313037303539333563656139383266353734376164393163323164323266646662623034623961
61326662613866663630613465636630336339373038303334643562616234663865363538353865
35363366326431653330313533636431663464383735656161366530356437306666346565366339
65613033336130333732386564366631383037653832666132643362326465326366373866373962
66656339663365643532666566666434396566366339343864363362373930376432636364613432
61376663613535353439333163376264613765313138333337346134373561613066376633326130
36396436343761633337633834653838613231346461623461313566383634646438306539613136
36643830623036353937376138613633396566663665346663346434633263626365316165626539
64613032363863363337653139356230313433613635336465323036306232373962386365613731
65343832633637353137383538616538366366373634383237353534653933346238613661363633
66323561326439386630313635336139616530616132396664313437323936613562363139643535
32653564303634373766633437366632346165643438393565643662393738306635303334656661
38373536393130386362373462323862326531383135306132393834343365653335303837356465
35323633343834303664633633316434313631623537386632393961346138313462616635636535
62396463306436663639666465336661663563656162383935623037613634616634373632663734
35336237623230653365653863323335393130346566353837633162613236383330623232623264
35383264653037363430626263366265333534383539616266616165376263653533333562306431
66646232326566376531633662633534326661333764346436653838313131343938343931633337
66373730383134623132626533646564313232633661366336356635303865316430343365653837
38393165326138363137306263653766656337343735666639613632646235626636613832663636
33616161326237306338383861386536653463336632383737393966303664626239633864393237
36626466323131313034636435356666616339623935316165343930313264356431653431643037
30376562326165363162326266613238353632636637396465656534363264653237356230313765
39623363666536646438376638613862326438393037303631353735623033323738393636636632
31363362643830306364323466366464376161333432613964663061333562666563323130613666
61376338326265613830323236313564396136653236323630366139623365383839366133633738
65326235653663666134316538623634306538363030656239613038626233383465366538633265
34633634333036386163386463396466396339323036303263386130393138306163306564663962
32313735393963366163386434656161646265303238623963383931623034396339323336666464
30323931653734303832613931666166636233396236336261313435326534373264633834613665
30376661353166316463356661363661643733383334666133383435353365303234616562643836
33316538643664323533626334343432336165633362393561666561343739383463636332663565
36386237663462353963366335356239356631356362396230613234326538623530646639643830
64613232346635353436366334326464343938303739613432333132346636386366323232303561
37303063373961343938373239343866316433306365353836346265363538373139333433646363
62633963323236646137663932643032353836373937653237653435333436653434376239393462
65653563653533336131653861373061656434356130313435323235376163396139343437306535
31393662333134393562386535323837313735316664303963393139333666333132623535623638
64353333336634663962383662666338343634373536346235623135623362363365323836633933
39643534303338333065383434303963316465623062386635346539656364613266663564383230
38646137363739333366633665623666353265323530353133393832373865643666343839313035
31346662333464353332336139316665313139633336303433666333666164363330653465326633
38353466396138653133383239616537316335363730313136656265663832643734626230373635
63636163303432656464346333363435356437643934326465656261396439383462363039383466
64633564333938663233376566373135653364383930633263336333613533613362346630653464
36346132343033613233386463323137656434623834333332323935373161623737626262316363
64383961346631366334633463383661613764343731653734336266623632363862616363613032
30383936356139643466346139303436336166663437646165313934353564323434373939383739
35656363363731316536616262303164636130656135316537303166343835363561623238373766
65393366366436306332393037323532393664303863633239353461343535353538313931323762
36353537616531323638343638313338363331623030383861616230643439313363343539643938
38393734373865313962393231336130393838373939333866656138333764303635613334323430
39373930306139396263313335303536383761663765626632323964333364333938633064343032
66613631373930613665663133346139663334366332343666306537363762643065653739383262
65653737663366303532666561376333336136393834666561663335303364353135373135616431
61363332373961663633613035323738303039333633343161633835643930363935353331326330
38373633363164303930313864373830343830353364366634633566343737633863333766653034
62356632336334653733653432346539333837333031633166663537386231613535613331303837
32323135353736343231363866383062363765376165656564663464323634326239343130353466
35336232646465643733326361336166636462396230393936663736313235633237313666363830
35336337376333633065333032643162643765373035373162636334313362663162653965353331
64376336633564396463383866623736663234363933373134663939386162643234336337663162
30366665313839373635303464356333623230663236663439346634356538376538383037393939
61336565383066373139396533376635623230323234613663303830626432643934653938636135
66663936343266383234323862356436666365613864396465306564613835633637653065326431
39326238343061323030656564636236313663663162393439383737643365303862326434376538
37643738323962366632366335623031306561323635623337386666613464376539643165393038
66613733636664656334623833393963663035383063663164353438363237643838643061633866
66313739373036386332373839643535656539386464613938396536613932303665663936316239
36633836333031633665363462386366613431353839313936326539326365626331666163636437
32326561316162316461373234353431326536643136343033393839396534653237313366646263
65623230363866343630326233366337633733333632373264366239313639346439646333313136
61613331396266373266366561386131333430626637303937393866316361383733623066393761
62633661353238643164646463643261346638623238646234303730363062383835393532353836
30386366343039323734323566626438336465646264643865373239653866653739656539666464
30633533313231643634346338383339643065646261343335633038346532613661393538326534
65626234646239653463653063633731633436653033323165636338633333343261633632616266
38303137373333373738383239333935626130643837626131373737326463626261356563373733
30646433616565373337383230336637303531636239666631303734663936336363303734633637
39373766313536393838353239656664386664326630613535333234343730306466366136306363
33363532373062356338663337613065363336663466643634356438326337373839383132346535
64343561623462326539353536616162313430393563643538663438336261306533663031376536
32326666393438393664663737663366303464373863616166363162353964666437643336326464
32616434353936343737306464353831613838333462653962333263663538623861633038623438
37656438663937623434346536626362653435303239663038343263366332346364643065666637
64363163663633616538396666326263393030366631343762346530336361363933356464316466
66643765326435643266643032356261386462313365306137363238663831663065666132366432
64393463663331633463373534313437336438343033316131666565393732363931386235653937
37626461613764396635633231356531313637386637343036383731663466393232313965333063
64383566633462386461353137383939623435376337646237613939366538623236336538316264
66656463306466646539616431633934303337303362316266346266613736633864616363323162
34393030636334336430366332343437323765633462346534396534353239303261333530626536
34383261393932353033393965656362626364386665336633643231623666333735396333356431
35306566636332333036303034336265393066353964663038383834663837393465386432333834
65623333333837613662393335323939616462646331343637303562363135633839346135636162
61336564326336336330663163313232663732623636373863366565326131356164306262373637
39633538646339666430356636633838306262613731323061343733326636636263393661626534
30666666663535346236656335393630363733666661666433653938633334643561623432383163
33366436373331356233653933393431646338363439636164313136386365373234313961306332
35343637666337373931363664396232346638373934313530316638366636306462376663616566
36636238633931636632333636643866613331636638323835353535636165323237343665366437
35633661623336323134386631626264386566663334616239626538656430386565666566356631
39363634323634336462633362373062303232346636623335656464623834323637633663353432
62353164336361613639376566336164313865643261316432346437373036613537383466633131
38393438363032306132646665323434396462626631313533616530333538663732646535316336
36636664396662373936333161373766623932386533653632353362636236633764633633623332
62386365376666373635653964626637616530653035316262343336386533303637316263626463
35646364373632616236306530363063613937643361653565306463313038333661623538303436
64333464623162626130613232373934663936636464636233316533353264316264666239636636
39316439373630663963356166373633303138646561316231646437646233666639346630363861
62653465373633363534653330653535383730363930346466636639356436333565363834333761
61313339326563666533663537643538313965646563633837363238353061306265633434313861
32623464343934323339323936656466323337353038336266383935666433653637376365643531
35663364346365346639336562643261346364373530646661633363346231303765633233636634
33346433626131656430353061343937353335336435346539346336653364313961373036656535
34633830663331386261613462356330656236633632623334363539386666383332613163396334
63386439646538653766613365336335626362653137383161646630313534623862376337353265
62343534626132333737353139393035303637323037363331633739373231326538336633373264
66393036663266323830323561663732303363653235343236373230326139656331346133303632
33303133623130333863613736616639373930646164353733663061363665646133343631313765
34343539333731613266666330363761623038623935656366323030336530303233356133313336
38323638626365393832643637336635336431636564343231386537346231383835383338326433
37383339633135613162356265326636643537646135313830396464373937616365333939653639
34313835653830663233633266306134346262336138646362353637343666636164343465616438
35623538393037363065653933303463343238313266666461653739383738666565623435396536
36646330643736616164353837323833303933356565646337646339313262393738306634316636
64656638633335303662643862393039323637396364383838333237373833616532333933643066
35656234303434343563656635646539663930396666393933313835653736653438393663346430
62323939396236313865656139666361373364666339333463363037316362643633323137616163
61383637373631613234623738653235393838383436303436396465653636343063343764343961
32613664653030636434383062396263646362396161646437626534393038633661316365386466
62343465303030366537613738626565323735393530393436366331353465663563336561666261
31306430663430393665663035363935633835653837623537623039353536616537376131643630
36653336343966333634616631646139303965313861353963303431353139613261656531663239
32656538653766353738323431303832326535326633356336336661393337316233626636373533
33383163316532346664306332643263373938303564653130613130356161653030333032646632
63383765343563633435396663663464666234366432316663303439373761616266663830363131
36343339636666356532363561383939393363623239623333353237326333383166623130383031
62333435343735343863323063663762336364376137626365306461613362336438306664373539
30663165386535616437353131396166346661333561636138626462356232626532646137336263
35353034366537343665646537303364313334666630653137353535306137356136626537343537
63633530333539373634343136616236363066313332356639366632306235666130316163653033
62616433626366356636303334386631633039356166653839303665393931346137346262366464
34303263353562656263656233316562633161616438303538613134643139313636653961356663
37376539636566363432653833386265376464366634323832326434666262333164613333303464
61306530353334663433336632346336616365333336356535366634313637613237336364613232
32626437636466653138626437306436616465383962356561343365363339353061613362623166
66343534373866633866633238393839323063303639323065633434383866653465373265326630
38623962613036646561303635653932623434323031396237336430353432323965303564613931
39386661316664393433666166363164666434393837633138323139353534613934316537393562
37353036633863326236623236663032323738366261643637306632383735646338303765353730
33386461356162663339653432356664336663303032376236343261363463366431373435333831
31306263393835353762663637363664353533396530643533356266303961343835633833613562
38323635396666636165343730373238636561383262613336396534383431343732353337343037
38393637343263306135393237626234366130653235663266336563323231306163366335633239
30336162343438343532353636323461326636636533316434396533616338386661613435616638
31326139366435393538363436383538393761326161663330376364656138383462653934373263
34396166316363653966316633346538303633393639383363336239343132363535623064346333
62306131633463613563633037623537663632656630363330336136323565333163373130346239
36333330653863623235346366656464356365356165396630663163646466383035656133343330
39633639313635323665363266636535333134343466393163643166323136336231363431386161
33383566326232393939343731623761396332373164343239313939313131363735323532633733
62363563626539303330616133393439643063383837343638326133326466316364376433616237
36393832376366653232366536356165656632663465656638663531656532643037663063363264
39613361646262393237333832366330303130393438373433666636326162343333623332383334
63393034373632343231643133393137383362373662656263343032303936336331663036386538
35663237386238653664373263663633656666396338663064313236656130653833383930383661
66373532373736663335653963626361356533313461626162373063663134393035386138366232
31626131353766623234613765636239383663316162396432363466633238373636623332653835
64396537323463353735633830316431643966326164363831353961323865623538613533666231
35353636333839643064623866623732333331323261373766323261393730626331333765303537
36666436363931663965646133633731363230386463323461333661656366633465616632353135
65616639383236366331363333383663643432393362666239303739343830623532393232663561
39363733333762643963323234303130636463333135313239326232343933303730303233323765
61623663356237323432653261303630386462643532356161373236653735343363316532333439
37653434383634633936333263633035656533306636313430323532386336653631363439363564
64643939396634343837396436346465613436653034613037326237386230636531366437303037
65616430366236643236383437653432636431613262393439333532383363363833346538306662
34663033386539633636303137383064613632653833656335303130376437613034323338656262
37656666356532626261633363396431373565653839343761383064356261626164376435653862
34396666313335666436303534623161356237356430323930616334393639383435343961363763
31663830336461376635393434316162363637323565366433646562333038346435393534383735
37356335356435303864306434313562353033386139306461346462333532383438333966623132
30623866613837383938343937666632383534643735336661343635316561323333663639363634
65333138376565643236646165336466343733613637333230666366313866343335306431613761
66626131363731643132616466643938616434356134386138396663383033663138346330656462
36626533303439616165613136396439343839393464653564643632343930366365663165323135
34643934653838613639323765616238363266616666643966396138336666626437633865303633
66346663333764356432363831376362613766613036343934363732613132656535636230396632
30323935376330383433306239656334346636316664336135633662366430396161643161633666
64373263313138366465646330333863373363373765386335643764656233346264396138343764
32643662386235363064653532613132666434623230313934663039623863623863633637646533
30353464383839306362383365343937643763646265666138343036643534633964316337663633
38303531623663326165366261333832386262396632373062636238336639313363393230346663
35306163363266363035613964383264363437616134653330316236386436633364643637653432
38656266323637333639633132333838643735306230353330326664376361393931656239383834
30373762613138663534333432613835303662636432376238643765643838636662643830393831
61336266323036353066663730656564333962386439343061613936313161326333393865313834
30613633326339356632326533646265613736383935646136333538363239363637646338663337
39343333636365633363333435616133316264636336333331336665616239626334393930336637
64633363326130303863383362656533666437646665656237653964643530396561393635646338
63623339623433653131333136383434613335653733323964353562333833393066313162323339
64623764303162623831303863653566323130663163393563313764633430356431373166323032
35326436633734353633306530343764363638663932333731653432363261383165396263653863
62653539346234366161376231383330633738366334396561323134353439653431326666316539
37323839306635626462666233613138396361363062613730306562626365666337643432653964
31333531643832396634306338353631626138323239373161303333636266656339636263343234
30656136383662633332363032353031363735623130316635656438313235613939656162616630
33653565353239636565623030653963393339653130343165366466303034346231306135633663
37316238633137646162333963386530393666383934383835386661623461393063313066376239
65373632376533623336623064333561303664303934393033316134386663323261613963366166
62633465396163343537396332616563636533383139376535646131393463616332396335393532
30623665303235633334336238373166393331373832626463626530343761323962633864333932
62666565623765373731623764346661353266303839633730383832616539356435303666643336
34373734666536333331396462376662343638376162333632663239356366333631616363663863
38373738643262373165646662373963616639346532636239303162616464373837643234353965
33623030666462656166373438373039383062346564303761313634366662316437663465383032
35306332656466323766383831623431653933623532353365623531326562356263383233666636
64396137373164663564373138663232653930303933663433613138333138616132323862313838
39353038363533626666633634356237306266366131353063333261393037383163363138303735
31363333633439316136623362353530643237613132363861346366626263353433643132363463
30623635346634366634343430346537353534626165613466336131653538643666393237623761
35386338393663303333323261326234646235366136663466623933616330333666326439376435
39626438623665313561626265636330343133306561666665323831643763663132383062663232
63383662663764363634306666366532326365306330343865643763333931636330353438663130
32623730666430353065643561613861353662356364663965373538393163623438333030656261
61313838356232396331386666653361653537623930663532636466366132376334626533323837
35633963386432343530353263363562303562333636633836306366653834376563353634313339
63373639306265656534623965306563353164336637383432356534646362393038383964646135
32353230646366356664303033643939656638353464366636373562633436376139353436373532
34623963316139366637393432656662396461333635386666663866396565356163353062656664
37643935353734316432303965653739666565393334613563663564623032346233343661376333
65303834393263396330333831343465353964303364653862383536313766393237356661666362
61383630313562663363343363633863383730373266633331383236386138313632316539643630
31653537386466636330626539333133306132626335373330346431306636386666353162363435
64636534356265306164313834363365333731313532353837626439386164353839393836356235
63326239613036376231383264663632343039353738356365613431323333623264356562633634
63313665613733623636386139373632383566383963336332623763373063653535346530313562
31333930343331613537343538313231386439336462336634663038393639356235636266613830
39373439356662326666623234396630393238643032386234343235343732363239346664663734
32356131623337663333343965363666376532373563633337313539313636623832393733393239
30333466346663616438383530353735656561663665336236643562633961383936386438356634
64333039316338356134383439393165316136346666636331643238356234363861343934383830
66343130393961346132366465373836386639316533626538333564316534376164396462316436
30383136373434616631336633353134333533636464656562383664316465393634346530356436
62326333323063306233316331343663373037306666643934343835623735313638663430656639
65316336616531663336336230613732613836396633666462343333336434333637393531663232
33303133653638386662613763336537343164633862333764623164616531333933626234383231
35643234666666343630336366653839663866356239346130376335356664313634373232343938
61346633326334373233353836653533323663313431346666353632323538383836383131373239
34613235393039663030623661653730346565343164653834666136616430663132616336363930
66663630656133393839626535663766346234313862376639313465316130646234356363373863
39333666643435616265336133313631643661633664616466616330303536643462343937306564
61353766656531393834306337623933346261383830393836656238383330363564643366613731
34313364623939323238323034626464643563333565343332323038323936366138643234393365
34313633396238626431336536303637643439373261313165623164636564396330613430306430
36393638363739346633353337383133326434363131616236303765623732626234653035623564
38373363616433363837316566653533623839303935633864316635643133633865333338373435
63376634663762336663373462323537373863666236333531393563353162343462623838636633
63656230376634636333373230633736376636326130323835363965366337663563316632623163
33366533666132396138626631336461306263643738396332323838633264343331623334366237
36396166623666626238363830386562303532653838666562383465316464386138356631353364
37396536653530323666636638613731373338313130383266646236333630383663646366393866
62313461333435373437346639633339666366393533356234626464616564383330646232313331
65356639623861323862346163356432663132333331383033363432306531643036303063613663
66616533343031643164373739396661663764663430353939396261353535353763653934303364
66306566616138393962376137373334336436653030666366303739386138353566363534363533
38353464643637326337633362373463656336363063343639636133636264636539
